SpawnX=1684.554321
SpawnY=1448.098144
SpawnZ=10.770595
SpawnInt=0
SpawnWorld=0
DefaultSkin=0
NoobMoneySpawn=10000
