Ext_X = 2213.613281
Ext_Y = 685.818847
Ext_Z = 11.460937
Ext_Player_X = 2211.322753
Ext_Player_Y = 690.138183
Ext_Player_Z = 11.460937
Ext_Angle = 180.106536
Ext_VW = 0
Ext_IntID = 0
Int_X = 945.666564
Int_Y = -717.983459
Int_Z = 122.210937
Int_Player_X = 946.770507
Int_Player_Y = -716.847595
Int_Player_Z = 122.210937
Int_Angle = 207.566070
Int_VW = 55011
Int_IntID = 0
GarageType = 1
GarageLinkID = 11
GarageLock = 1
GarageMaxVehicles = 1
GarageVehicles = 0
