Ext_X = 1615.412597
Ext_Y = 2745.388916
Ext_Z = 10.820312
Ext_Player_X = 1620.928344
Ext_Player_Y = 2757.162597
Ext_Player_Z = 10.827289
Ext_Angle = 349.037963
Ext_VW = 0
Ext_IntID = 0
Int_X = 1613.057617
Int_Y = 2748.150878
Int_Z = -100.714462
Int_Player_X = 1619.483886
Int_Player_Y = 2749.644042
Int_Player_Z = -100.714462
Int_Angle = 352.492218
Int_VW = 55012
Int_IntID = 0
GarageType = 1
GarageLinkID = 12
GarageLock = 0
GarageMaxVehicles = 2
GarageVehicles = 0
